16706044967001178897247357670614036235898866500998799097425397297915277595924
16917270905423101879827822240442654463610597927866667481565086970589051152548
5437650890070503560652568003656908314676365463390797833407235030967339934855
21613809528882193828548038255854698730228979040753977076946476440917142391102
7765342487577832708180112048220540495668778865476465547626483672157529613074
12427947724264400188871097478685335751373372884583705995087424458512355110560
16431793979453410705031662032026406157542046981486641956314787793592274729692
7094568172392958261238657143411677236629331224888294126483290772242955699063
13078953658269157938067747521102958439226119746459130946135597066226310535446
19690611107103792630652882173225542378268732439793042071586225239152398379100
5648591265732143653460431373225878474161085539524849990342509136701173971998
15705908809024498227421689934962063736634698443700978692701820046362998660425
17138034641756775438940251531413430092220649155091617695202843016818191770670
17987747123883990016170509265909452579038431165429341735869782249708564153082
15655050921744737329958884171572973709111903765986216291297790011125709003451
14601399798603214781009127644195048665517157010468470487441237696853320961334
19947268887945976010583001965474719412296198381250188506463142103610729555421
21677493551310229345133938434691571013096751281649371886813118002529259783827
17477989166420096300141681976369829766333709357688853367035973438277173802244
17227763327457361771108613867082400578133856570257042400886016399109848573705